1
49
197
340
348
441
618
653
681
710
753
912
921
1064
1095
1252
1345
1504
1551
1623
1810
2051
2231
2242
2286
2530
2556
2567
2609
2659
2768
2916
2937
1623
3003
1345
3039
3076
3159
3191
3194
3427
3542
3652
3742
3777
3792
3910
4077
4102
4148
4156
4176
4216
4249
4268
4300
4699
4866
4891
4970
5119
5143
5192
5194
5216
5299
5311
5527
5549
5569
5645
5692
5732
3427
5827
5834
1623
6278
1345
6318
6322
6687
6810
6835
6891
6997
7075
7186
7544
7634
7767
7768
7986
8101
8280
8385
8418
8505
8650
8716
8752
8844
8893
8902
9034
9488
9532
9686
9830
9839
9949
10292
10410
10632
10679
10927
10964
10982
11227
11348
11356
11765
11778
11800
4655
11816
11875
11934
12007
5119
12037
9686
5569
8893
12077
12182
6835
12372
12412
12503
12597
13118
13251
13381
13502
13622
13648
13783
13805
13854
13891
13945
14040
14154
14277
14290
14327
3427
14335
14381
1623
14721
1345
14778
15080
15094
15106
15298
15361
15446
15672
15685
15809
15883
15994
16006
16564
16714
17027
17037
17087
17105
17179
17190
17224
17225
17581
17692
17859
18066
18121
18164
18171
18171
18208
18390
18395
18431
18448
18505
18510
18579
18662
18662
18662
18662
18662
18662
18736
18941
19012
19086
19112
19150
19160
19160
19166
19304
19399
19509
19588
13921
19621
19679
19803
19996
20056
15082
20118
20190
20523
20558
20721
21047
21054
21078
21248
21414
21476
21748
11663
13758
22065
22131
22388
22510
22609
14720
22614
22795
22816
22954
22969
9736
22981
22998
23130
15809
23324
17027
23422
23474
23475
23656
23661
23746
23971
24054
24150
14381
24322
21414
12077
24426
24441
24482
24558
14327
24614
24737
25121
25210
25261
25359
25359
25390
22065
25439
25439
25439
25453
25458
25510
25589
25739
25781
4655
25907
26056
26200
26301
5119
26301
9686
5569
8893
26301
18171
6835
26368
26499
19160
26565
26721
26819
27072
27110
27128
27197
25359
27247
27301
27359
26301
25439
27570
27602
27602
27602
3427
27602
27988
1623
28492
1345
28571
28771
28843
18662
28864
28930
29186
29566
29682
29691
29966
30025
30173
30183
30435
30489
30489
30782
30884
30914
31243
31281
31433
31520
31535
31602
31691
31727
31789
31824
31830
31843
31965
32009
32399
32452
32809
32830
32950
32972
33042
33160
33351
33473
33546
33607
33800
33876
33876
33876
33876
33876
34021
34077
34177
34351
34406
34585
34585
34585
34597
34753
34906
34962
35062
35958
36172
36295
36307
36340
36460
36481
36544
34846
32153
36578
36601
36716
36828
36860
37166
37391
37490
37564
37614
31865
38076
38077
38102
38120
38124
34941
38258
38345
38479
38718
38846
38846
38846
29483
38846
39058
39193
39427
39647
39727
39727
38799
39727
39727
39742
39775
39795
36376
39887
40013
27904
40088
40242
40289
40365
40384
40529
40569
40696
40770
40911
40951
41002
41010
41010
41010
31778
41151
41290
41493
31860
41558
41789
41829
41830
42482
29510
42491
42496
42601
42669
42672
40663
42672
42713
42987
42994
43025
43059
33973
23961
43092
43121
43124
43227
43277
43339
20094
43377
42817
43428
43488
43488
43488
43488
26276
43488
43524
43526
37564
43584
43584
43679
43679
43679
36340
43377
43679
43679
43679
24322
18164
43717
22388
43092
43873
41558
39058
43879
43277
38124
43124
44069
44092
44092
44092
44182
44214
44214
44214
44580
44597
19803
44748
44785
44812
40569
22131
44812
44819
37490
23422
23661
44921
31602
44944
28571
33546
44944
44989
13921
45039
45109
45256
43428
45256
15082
45256
45256
45256
45256
45304
45349
22981
45372
45372
31965
45425
27301
11663
13758
45427
45533
45533
45566
26819
14720
45713
45743
40770
39742
40951
9736
46212
46218
46218
15809
42672
17027
45372
46380
46464
46530
46593
46610
46688
46688
46801
14381
46853
21414
12077
43584
46853
46880
44812
14327
46943
44944
46955
30489
47032
47032
47170
47183
22065
47228
47443
47448
47494
47625
47673
48139
48139
46853
4655
48139
48246
48287
48380
5119
48472
9686
5569
8893
48489
18171
6835
41010
48596
19160
48668
48849
44214
44092
49029
49113
34585
25359
49113
49218
49218
26301
25439
27602
39727
49383
38846
3427
43488
49632
1623
50175
1345
33876
43679
45256
18662
50175
50362
50425
50507
50814
50969
50996
51112
51112
51128
51260
51445
51445
51445
51445
51445
51478
51478
51640
51680
51865
51865
51889
51898
52223
52224
52262
52739
52856
52856
52871
52951
53196
53332
53338
53481
53612
53874
54102
54140
54391
54563
54636
54844
54965
55048
55100
55208
55219
55219
55219
55219
55391
55408
55509
55570
55802
55842
55842
55842
55842
56009
56009
56061
56061
56061
56061
56061
56090
56090
56158
56257
56762
56857
57096
57230
57281
57281
57281
57281
57281
57544
57544
57544
57601
57601
58445
58511
58637
58668
58748
58814
58814
58814
58814
58842
58870
58891
58891
58911
58979
59040
59054
59087
59114
59131
59176
59176
59207
59228
59232
59232
59407
59544
59565
59565
59565
59565
59565
59565
59741
59814
59823
60014
60072
60093
60298
60315
60349
60382
60597
61330
61330
61395
61466
61466
61466
61600
61675
62235
62258
62258
62258
62258
62544
62685
62701
62701
62701
62711
62742
62743
62888
63015
63351
63351
63365
63365
63426
63426
63426
63479
63606
63642
63712
63712
63712
63712
63712
63712
63712
63712
63866
63866
63866
63866
63918
63950
64083
64132
64313
64315
64379
64412
64418
64674
64674
64674
64698
64722
64807
64807
64807
65150
65253
65345
65470
65563
65563
65587
65587
65607
65607
65607
65634
65833
65870
65970
66334
66437
66453
66835
66876
66940
67136
67174
67205
67717
68167
68168
68381
68558
68662
68710
68935
69359
69433
69624
69656
70029
70232
70384
70514
70704
71025
71025
71025
71079
71334
71334
71458
71458
71713
71713
71771
71771
71771
72235
72235
72235
72235
72265
72290
72682
72682
72682
72682
72682
72741
72783
72965
73201
73250
73304
73304
73304
73353
73399
73492
73763
73961
73961
73961
73961
73961
73961
73977
74196
74233
74242
74363
74689
74797
74805
74951
74951
74951
74951
75564
75576
75605
76085
76116
76116
76116
76310
76310
76310
76841
76859
76875
76882
77216
77216
77317
77317
77723
77724
77851
77851
77926
77955
78082
78096
78333
78666
79123
79327
79430
79576
