1
49
197
340
348
441
618
653
681
710
753
912
921
1064
1095
1252
1345
1504
1551
1623
1810
2051
2231
2242
2286
2530
2556
2567
2609
2659
2768
2916
2937
3003
3039
3076
3159
3191
3194
3427
3542
3652
3742
3777
3792
3910
4077
4102
4148
4156
4176
4216
4249
4268
4300
4655
4699
4866
4891
4970
5119
5143
5192
5194
5216
5299
5311
5527
5549
5569
5645
5692
5732
5827
5834
6278
6318
6322
6687
6810
6835
6891
6997
7075
7186
7544
7634
7767
7768
7986
8101
8280
8385
8418
8505
8650
8716
8752
8844
8893
8902
9034
9488
9532
9686
9736
9830
9839
9949
10292
10410
10632
10679
10927
10964
10982
11227
11348
11356
11663
11765
11778
11800
11816
11875
11934
12007
12037
12077
12182
12372
12412
12503
12597
13118
13251
13381
13502
13622
13648
13758
13783
13805
13854
13891
13921
13945
14040
14154
14277
14290
14327
14335
14381
14720
14721
14778
15080
15082
15094
15106
15298
15361
15446
15672
15685
15809
15883
15994
16006
16564
16714
17027
17037
17087
17105
17179
17190
17224
17225
17581
17692
17859
18066
18121
18164
18171
18208
18390
18395
18431
18448
18505
18510
18579
18662
18736
18941
19012
19086
19112
19150
19160
19166
19304
19399
19509
19588
19621
19679
19803
19996
20056
20094
20118
20190
20523
20558
20721
21047
21054
21078
21248
21414
21476
21748
22065
22131
22388
22510
22609
22614
22795
22816
22954
22969
22981
22998
23130
23324
23422
23474
23475
23656
23661
23746
23961
23971
24054
24150
24322
24426
24441
24482
24558
24614
24737
25121
25210
25261
25359
25390
25439
25453
25458
25510
25589
25739
25781
25907
26056
26200
26276
26301
26368
26499
26565
26721
26819
27072
27110
27128
27197
27247
27301
27359
27570
27602
27904
27988
28492
28571
28771
28843
28864
28930
29186
29483
29510
29566
29682
29691
29966
30025
30173
30183
30435
30489
30782
30884
30914
31243
31281
31433
31520
31535
31602
31691
31727
31778
31789
31824
31830
31843
31860
31865
31965
32009
32153
32399
32452
32809
32830
32950
32972
33042
33160
33351
33473
33546
33607
33800
33876
33973
34021
34077
34177
34351
34406
34585
34597
34753
34846
34906
34941
34962
35062
35958
36172
36295
36307
36340
36376
36460
36481
36544
36578
36601
36716
36828
36860
37166
37391
37490
37564
37614
38076
38077
38102
38120
38124
38258
38345
38479
38718
38799
38846
39058
39193
39427
39647
39727
39742
39775
39795
39887
40013
40088
40242
40289
40365
40384
40529
40569
40663
40696
40770
40911
40951
41002
41010
41151
41290
41493
41558
41789
41829
41830
42482
42491
42496
42601
42669
42672
42713
42817
42987
42994
43025
43059
43092
43121
43124
43227
43277
43339
43377
43428
43488
43524
43526
43584
43679
43717
43873
43879
44069
44092
44182
44214
44580
44597
44748
44785
44812
44819
44921
44944
44989
45039
45109
45256
45257
45304
45349
45372
45425
45427
45533
45566
45713
45743
46212
46218
46380
46464
46530
46593
46610
46688
46801
46853
46880
46943
46955
47032
47170
47183
47228
47443
47448
47494
47625
47673
48139
48246
48287
48380
48472
48489
48520
48596
48668
48849
49029
49113
49218
49282
49383
49632
50175
50362
50425
50507
50814
50969
50996
51112
51128
51260
51445
51478
51489
51640
51680
51865
51889
51898
52223
52224
52262
52739
52856
52871
52951
53196
53332
53338
53481
53612
53874
54102
54140
54391
54406
54465
54563
54636
54844
54965
55048
55100
55208
55219
55391
55408
55509
55570
55802
55842
56009
56034
56061
56090
56158
56225
56257
56509
56762
56857
57096
57230
57281
57544
57601
57713
57837
58002
58445
58511
58637
58668
58748
58814
58842
58870
58891
58911
58979
59040
59054
59087
59114
59131
59176
59207
59228
59232
59255
59399
59407
59544
59565
59741
59814
59823
60014
60072
60093
60298
60315
60349
60382
60597
61330
61395
61466
61523
61568
61600
61675
61682
61929
62073
62235
62258
62544
62685
62701
62711
62742
62743
62888
63015
63351
63365
63426
63479
63534
63606
63642
63712
63866
63918
63950
64083
64132
64313
64315
64379
64412
64418
64605
64674
64698
64722
64742
64807
65150
65253
65345
65470
65494
65563
65587
65607
65634
65833
65870
65970
66314
66334
66437
66453
66835
66876
66940
67136
67174
67205
67323
67688
67717
68167
68168
68281
68381
68558
68662
68710
68759
68935
68940
69359
69433
69587
69624
69656
69789
69968
70029
70232
70384
70498
70514
70704
71025
71079
71217
71302
71334
71449
71458
71469
71713
71771
71823
72235
72265
72290
72682
72741
72783
72802
72886
72965
73174
73201
73250
73304
73353
73399
73492
73763
73961
73977
74159
74196
74233
74242
74363
74625
74689
74797
74805
74914
74951
75202
75453
75564
75576
75605
76085
76116
76200
76310
76841
76859
76875
76882
77216
77317
77723
77724
77851
77926
77955
78040
78082
78096
78333
78492
78666
78725
79123
79209
79327
79400
79430
79576
79591
79606
79660
80022
80184
80381
80761
80792
80814
80930
80934
80973
81118
81312
81362
81460
81517
81584
81767
81772
81845
81970
82042
82174
82281
82316
82359
82409
82427
82457
82688
82725
83069
83348
83750
83760
83929
83979
84029
84144
84188
84202
84217
84226
84252
84276
84410
84465
84480
84495
84681
84692
84759
84876
85062
85106
85210
85432
85524
85579
85591
85619
85648
85751
85862
86011
86046
86326
86642
86653
86663
86831
86847
86853
87157
87165
87273
87351
87430
87511
87567
87620
87621
87646
87741
87848
87980
88057
88086
88096
88104
88173
88223
88253
88270
88322
88367
88541
88628
88730
88842
88851
88871
88901
88904
88975
88989
89039
89051
89378
89391
89588
89711
89763
89872
89983
90012
90079
90153
90181
90467
90468
90690
90822
90879
90930
91000
91068
91329
91349
91361
91476
91806
91859
91870
91911
91919
92132
92204
92221
92345
92471
92520
92562
92637
92744
92799
92844
93554
93843
93875
93893
93912
94187
94535
95003
95184
95335
95351
95456
95456
95583
95831
95929
95938
95966
95971
96072
96201
96224
96319
96391
96431
96469
96743
96743
96769
96909
97036
97056
97088
97337
97416
97430
97444
97444
97624
97636
97651
97860
97872
97965
97973
97995
98134
98155
98271
98277
98279
98283
98632
98782
98968
98997
98999
99060
99218
99243
99246
99297
99462
99481
99607
99619
99636
99658
99667
99920
99923
99935
